00000000101000000000001010010011
00000011000000000000111000010011
00000011101000000000111010010011
00000000100000000000100010010011
00000000000000000010010100010111
11111111000001010000010100010011
00000010000000000000010110010011
00000001010000000000000011101111
00000000000100000000100010010011
00000000101000000000100010010011
00000000000001010000001100000011
00000010011000101000000001100011
00000001110000110101011001100011
00000000000101010000010100010011
11111111000111111111000001101111
00000001110100110100010001100011
11111111010111111111000001101111
00000000000100111000001110010011
11111110110111111111000001101111
00000000011100000000010100110011
00000000000000001000000001100111